00 00 00 00 00 00 00 00 00 00
00 00 00 00 00 00 00 00 00 00
00 00 00 00 00 00 00 00 00 00
00 00 00 00 00 00 00 00 00 00
00 00 00 00 00 00 00 00 00 00
00 00 00 00 00 00 00 00 00 00
00 00 00 00 00 00 00 00 00 00
00 00 00 00 00 00 00 00 00 00
00 00 00 00 00 00 00 00 00 00
00 00 00 00 00 00 00 00 00 00

Solution:
89 90 91 92 93 94 95 96 71 70 
88 85 84 81 80 99 98 97 72 69 
87 86 83 82 79 100 75 74 73 68 
16 15 12 11 78 77 76  5  4 67 
17 14 13 10  9  8  7  6  3 66 
18 21 22 27 28 29 30 31  2 65 
19 20 23 26 43 42 41 32  1 64 
50 49 24 25 44 39 40 33 34 63 
51 48 47 46 45 38 37 36 35 62 
52 53 54 55 56 57 58 59 60 61 
