00 00 00 00 00 00 00 00 00 00
00 00 00 00 00 00 00 00 00 00
00 00 00 00 00 00 00 00 00 00
00 00 00 00 00 00 00 00 00 00
00 00 00 00 00 00 00 00 00 00
00 00 00 00 00 00 00 00 00 00
00 00 00 00 00 00 00 00 00 00
00 00 00 00 00 00 00 00 00 00
00 00 00 00 00 00 00 00 00 00
00 00 00 00 00 00 00 00 00 00

Solution:
46 47 48 49 50 51 52 67 68 69 
45 20 19 18 17 54 53 66 65 70 
44 21 14 15 16 55 56 63 64 71 
43 22 13 12 11 100 57 62 61 72 
42 23 24 25 10 99 58 59 60 73 
41 40 27 26  9 98 97 96 75 74 
38 39 28 29  8 89 90 95 76 77 
37 32 31 30  7 88 91 94 79 78 
36 33  2  1  6 87 92 93 80 81 
35 34  3  4  5 86 85 84 83 82 
