00 00 00 00 00 00 00 00 00 00
00 00 00 00 00 00 00 00 00 00
00 00 00 00 00 00 00 00 00 00
00 00 00 00 00 00 00 00 00 00
00 00 00 00 00 00 00 00 00 00
00 00 00 00 00 00 00 00 00 00
00 00 00 00 00 00 00 00 00 00
00 00 00 00 00 00 00 00 00 00
00 00 00 00 00 00 00 00 00 00
00 00 00 00 00 00 00 00 00 00

Solution:
75 76 77 78 79 88 89 90 99 100 
74  5  6  7 80 87 86 91 98 97 
73  4  3  8 81 84 85 92 93 96 
72 71  2  9 82 83 14 15 94 95 
69 70  1 10 11 12 13 16 17 18 
68 67 54 53 32 31 30 29 28 19 
65 66 55 52 33 34 25 26 27 20 
64 57 56 51 36 35 24 23 22 21 
63 58 59 50 37 38 39 40 41 42 
62 61 60 49 48 47 46 45 44 43 
