00 00 00 00 00 00 00 00 00 00
00 00 00 00 00 00 00 00 00 00
00 00 00 00 00 00 00 00 00 00
00 00 00 00 00 00 00 00 00 00
00 00 00 00 00 00 00 00 00 00
00 00 00 00 00 00 00 00 00 00
00 00 00 00 00 00 00 00 00 00
00 00 00 00 00 00 00 00 00 00
00 00 00 00 00 00 00 00 00 00
00 00 00 00 00 00 00 00 00 00

Solution:
64 63 62 61 60 59 58 57 52 51 
65 20 21 22 29 30 31 56 53 50 
66 19 18 23 28 27 32 55 54 49 
67 16 17 24 25 26 33 46 47 48 
68 15 14 13 12 11 34 45 44 43 
69 70 77 78 79 10 35 36 37 42 
72 71 76 81 80  9  8  7 38 41 
73 74 75 82 83 84  5  6 39 40 
90 89 88 87 86 85  4  3  2  1 
91 92 93 94 95 96 97 98 99 100 
