00 00 00 00 00 00 00 00 00 00
00 00 00 00 00 00 00 00 00 00
00 00 00 00 00 00 00 00 00 00
00 00 00 00 00 00 00 00 00 00
00 00 00 00 00 00 00 00 00 00
00 00 00 00 00 00 00 00 00 00
00 00 00 00 00 00 00 00 00 00
00 00 00 00 00 00 00 00 00 00
00 00 00 00 00 00 00 00 00 00
00 00 00 00 00 00 00 00 00 00

Solution:
73 74 77 78 83 84 85 86 87 100 
72 75 76 79 82  1 92 91 88 99 
71 68 67 80 81  2 93 90 89 98 
70 69 66 19 18  3 94 95 96 97 
61 62 65 20 17  4  5  6  7  8 
60 63 64 21 16 15 14 11 10  9 
59 58 23 22 29 30 13 12 39 40 
56 57 24 25 28 31 34 35 38 41 
55 52 51 26 27 32 33 36 37 42 
54 53 50 49 48 47 46 45 44 43 
