00 00 00 00 00 00 00 00 00 00
00 00 00 00 00 00 00 00 00 00
00 00 00 00 00 00 00 00 00 00
00 00 00 00 00 00 00 00 00 00
00 00 00 00 00 00 00 00 00 00
00 00 00 00 00 00 00 00 00 00
00 00 00 00 00 00 00 00 00 00
00 00 00 00 00 00 00 00 00 00
00 00 00 00 00 00 00 00 00 00
00 00 00 00 00 00 00 00 00 00

Solution:
78 79 80 81 84 85 86 87 88 89 
77 32 31 82 83 22 21 20 91 90 
76 33 30 27 26 23 18 19 92 93 
75 34 29 28 25 24 17 16 95 94 
74 35 36 37 38 39 14 15 96 97 
73 72 43 42 41 40 13 12 11 98 
70 71 44 47 48 53 54  9 10 99 
69 68 45 46 49 52 55  8  7 100 
66 67 62 61 50 51 56  1  6  5 
65 64 63 60 59 58 57  2  3  4 
