00 00 00 00 00 00 00 00 00 00
00 00 00 00 00 00 00 00 00 00
00 00 00 00 00 00 00 00 00 00
00 00 00 00 00 00 00 00 00 00
00 00 00 00 00 00 00 00 00 00
00 00 00 00 00 00 00 00 00 00
00 00 00 00 00 00 00 00 00 00
00 00 00 00 00 00 00 00 00 00
00 00 00 00 00 00 00 00 00 00
00 00 00 00 00 00 00 00 00 00

Solution:
77 78 79 80 81 82 83 84 85 86 
76 13 12 11 10 91 90 89 88 87 
75 14 17 18  9 92 93 94 95 96 
74 15 16 19  8  7  6  5 98 97 
73 24 23 20 39 40 41  4 99 100 
72 25 22 21 38 37 42  3  2  1 
71 26 33 34 35 36 43 54 55 56 
70 27 32 31 46 45 44 53 52 57 
69 28 29 30 47 48 49 50 51 58 
68 67 66 65 64 63 62 61 60 59 
