00 00 00 00 00 00 00 00 00
00 00 00 00 00 00 00 00 00
00 00 00 00 00 00 00 00 00
00 00 00 00 00 00 00 00 00
00 00 00 00 00 00 00 00 00
00 00 00 00 00 00 00 00 00
00 00 00 00 00 00 00 00 00
00 00 00 00 00 00 00 00 00
00 00 00 00 00 00 00 00 00

Solution:
69 70 71 72 73 74 75 76 77 
68 67 10  9  6  5  4  3 78 
65 66 11  8  7 28 29  2 79 
64 63 12 23 24 27 30  1 80 
61 62 13 22 25 26 31 32 81 
60 15 14 21 20 43 42 33 34 
59 16 17 18 19 44 41 40 35 
58 55 54 51 50 45 46 39 36 
57 56 53 52 49 48 47 38 37 
