00 00 00 00 00 00 00 00 00
00 00 00 00 00 00 00 00 00
00 00 00 00 00 00 00 00 00
00 00 00 00 00 00 00 00 00
00 00 00 00 00 00 00 00 00
00 00 00 00 00 00 00 00 00
00 00 00 00 00 00 00 00 00
00 00 00 00 00 00 00 00 00
00 00 00 00 00 00 00 00 00

Solution:
47 46 45 38 37 36 35 34 33 
48 43 44 39 14 15 16 17 32 
49 42 41 40 13 20 19 18 31 
50 63 64 65 12 21 22 23 30 
51 62 61 66 11 10 25 24 29 
52 59 60 67  8  9 26 27 28 
53 58 69 68  7  6  5  4  3 
54 57 70 73 74 77 78  1  2 
55 56 71 72 75 76 79 80 81 
