00 00 00 00 00 00 00 00 00
00 00 00 00 00 00 00 00 00
00 00 00 00 00 00 00 00 00
00 00 00 00 00 00 00 00 00
00 00 00 00 00 00 00 00 00
00 00 00 00 00 00 00 00 00
00 00 00 00 00 00 00 00 00
00 00 00 00 00 00 00 00 00
00 00 00 00 00 00 00 00 00

Solution:
69 68 65 64 63 62 53 52 51 
70 67 66 29 30 61 54 55 50 
71 72 27 28 31 60 57 56 49 
74 73 26 25 32 59 58 47 48 
75 22 23 24 33 34 35 46 45 
76 21  4  3  2  1 36 37 44 
77 20  5  6  7  8  9 38 43 
78 19 18 17 14 13 10 39 42 
79 80 81 16 15 12 11 40 41 
