00 00 00 00 00 00 00 00 00
00 00 00 00 00 00 00 00 00
00 00 00 00 00 00 00 00 00
00 00 00 00 00 00 00 00 00
00 00 00 00 00 00 00 00 00
00 00 00 00 00 00 00 00 00
00 00 00 00 00 00 00 00 00
00 00 00 00 00 00 00 00 00
00 00 00 00 00 00 00 00 00

Solution:
61 60 55 54 53 52 43 42 41 
62 59 56  1  2 51 44 45 40 
63 58 57  4  3 50 49 46 39 
64 65  6  5 24 25 48 47 38 
67 66  7  8 23 26 27 28 37 
68 69 10  9 22 21 20 29 36 
71 70 11 12 15 16 19 30 35 
72 75 76 13 14 17 18 31 34 
73 74 77 78 79 80 81 32 33 
