00 00 00 00 00 00 00 00 00
00 00 00 00 00 00 00 00 00
00 00 00 00 00 00 00 00 00
00 00 00 00 00 00 00 00 00
00 00 00 00 00 00 00 00 00
00 00 00 00 00 00 00 00 00
00 00 00 00 00 00 00 00 00
00 00 00 00 00 00 00 00 00
00 00 00 00 00 00 00 00 00

Solution:
63 62 59 58 57 56 55 54 53 
64 61 60 11 12 13 50 51 52 
65 66 67 10 15 14 49 48 47 
70 69 68  9 16 17 18 45 46 
71  2  1  8 29 28 19 44 43 
72  3  6  7 30 27 20 21 42 
73  4  5 32 31 26 25 22 41 
74 77 78 33 34 35 24 23 40 
75 76 79 80 81 36 37 38 39 
