00 00 00 00 00 00 00 00 00
00 00 00 00 00 00 00 00 00
00 00 00 00 00 00 00 00 00
00 00 00 00 00 00 00 00 00
00 00 00 00 00 00 00 00 00
00 00 00 00 00 00 00 00 00
00 00 00 00 00 00 00 00 00
00 00 00 00 00 00 00 00 00
00 00 00 00 00 00 00 00 00

Solution:
69 68 67 66 63 62 59 58 57 
70 25 26 65 64 61 60 55 56 
71 24 27 32 33 34 35 54 53 
72 23 28 31 38 37 36 51 52 
73 22 29 30 39 40 41 50 49 
74 21 14 13 12 43 42 47 48 
75 20 15 16 11 44 45 46  1 
76 19 18 17 10  9  6  5  2 
77 78 79 80 81  8  7  4  3 
