00 00 00 00 00 00 00 00 00
00 00 00 00 00 00 00 00 00
00 00 00 00 00 00 00 00 00
00 00 00 00 00 00 00 00 00
00 00 00 00 00 00 00 00 00
00 00 00 00 00 00 00 00 00
00 00 00 00 00 00 00 00 00
00 00 00 00 00 00 00 00 00
00 00 00 00 00 00 00 00 00

Solution:
65 66 67 68 69 70 71 72 73 
64 63 18 17 16 15 14 13 74 
61 62 19 34 35 36 37 12 75 
60 21 20 33 32 39 38 11 76 
59 22 23 30 31 40  1 10 77 
58 57 24 29 28 41  2  9 78 
55 56 25 26 27 42  3  8 79 
54 51 50 47 46 43  4  7 80 
53 52 49 48 45 44  5  6 81 
