00 00 00 00 00 00 00 00 00
00 00 00 00 00 00 00 00 00
00 00 00 00 00 00 00 00 00
00 00 00 00 00 00 00 00 00
00 00 00 00 00 00 00 00 00
00 00 00 00 00 00 00 00 00
00 00 00 00 00 00 00 00 00
00 00 00 00 00 00 00 00 00
00 00 00 00 00 00 00 00 00

Solution:
63 62 61 56 55 54 53 52 51 
64 65 60 57  4  3  2 49 50 
67 66 59 58  5  6  1 48 47 
68 69 10  9  8  7 34 35 46 
71 70 11 28 29 30 33 36 45 
72 13 12 27 26 31 32 37 44 
73 14 17 18 25 24 23 38 43 
74 15 16 19 20 21 22 39 42 
75 76 77 78 79 80 81 40 41 
