00 00 00 00 00 00 00 00 00
00 00 00 00 00 00 00 00 00
00 00 00 00 00 00 00 00 00
00 00 00 00 00 00 00 00 00
00 00 00 00 00 00 00 00 00
00 00 00 00 00 00 00 00 00
00 00 00 00 00 00 00 00 00
00 00 00 00 00 00 00 00 00
00 00 00 00 00 00 00 00 00

Solution:
51 52 53 54 55 56 57 58 59 
50 81 80 79 78 77 76 75 60 
49 12 13 14 15 16 17 74 61 
48 11 10 21 20 19 18 73 62 
47 46  9 22 23 24 25 72 63 
44 45  8  7  2  1 26 71 64 
43 42 41  6  3 28 27 70 65 
38 39 40  5  4 29 30 69 66 
37 36 35 34 33 32 31 68 67 
