00 00 00 00 00 00 00 00 00
00 00 00 00 00 00 00 00 00
00 00 00 00 00 00 00 00 00
00 00 00 00 00 00 00 00 00
00 00 00 00 00 00 00 00 00
00 00 00 00 00 00 00 00 00
00 00 00 00 00 00 00 00 00
00 00 00 00 00 00 00 00 00
00 00 00 00 00 00 00 00 00

Solution:
61 60 59 58 57 56 55 50 49 
62 63 64 21 22 23 54 51 48 
67 66 65 20 25 24 53 52 47 
68 15 16 19 26 39 40 41 46 
69 14 17 18 27 38 37 42 45 
70 13 30 29 28 35 36 43 44 
71 12 31 32 33 34  1  2  3 
72 11 10  9  8  7  6  5  4 
73 74 75 76 77 78 79 80 81 
