00 00 00 00 00 00 00 00 00
00 00 00 00 00 00 00 00 00
00 00 00 00 00 00 00 00 00
00 00 00 00 00 00 00 00 00
00 00 00 00 00 00 00 00 00
00 00 00 00 00 00 00 00 00
00 00 00 00 00 00 00 00 00
00 00 00 00 00 00 00 00 00
00 00 00 00 00 00 00 00 00

Solution:
71 72 73 74 75 76 77 78 79 
70  3  4  5  6 27 28 29 80 
69  2  1  8  7 26 31 30 81 
68 11 10  9 24 25 32 45 46 
67 12 21 22 23 34 33 44 47 
66 13 20 19 18 35 42 43 48 
65 14 15 16 17 36 41 40 49 
64 61 60 57 56 37 38 39 50 
63 62 59 58 55 54 53 52 51 
