00 00 00 00 00 00 00 00 00
00 00 00 00 00 00 00 00 00
00 00 00 00 00 00 00 00 00
00 00 00 00 00 00 00 00 00
00 00 00 00 00 00 00 00 00
00 00 00 00 00 00 00 00 00
00 00 00 00 00 00 00 00 00
00 00 00 00 00 00 00 00 00
00 00 00 00 00 00 00 00 00

Solution:
61 62 63 64 65 66 67 68 81 
60 27 26 25 24 23 22 69 80 
59 28 31 32 19 20 21 70 79 
58 29 30 33 18 15 14 71 78 
57 56 35 34 17 16 13 72 77 
54 55 36 37 10 11 12 73 76 
53 40 39 38  9  8  7 74 75 
52 41 42 43 44 45  6  5  4 
51 50 49 48 47 46  1  2  3 
